V_in	alfa_polaryz	fotodioda
0   0   600
0 	20  600
0   60  560
0   80  500
0   100	320
0   110 480
0   130 570
0   160 600
0 	180 600
0   240 570
0   260 510
0   280 340
0   300 540
0   330 600
0   350 600
50  0   600
50  70  550
50  80  500
50  90  360
50  100 300
50  110 490
50  130 565
50  150 600
50  180 600
50  220 600
50  260 500
50  270 380
50  280 300
50  290 490
50  320 600
50  350 610
100 0 600
100 40 590
100 60 580
100 80 540
100 100 500
100 120 550
100 180 600
100 220 590
100 260 540
100 280 510
100 300 550
100 320 590
100 340 600
150	0	590
150 60  585
150 100 560
150 120 575
150 150 595
150 180 600
150 240 585
150 260 575
150 300 580
150 320 590
150 240 600
200 0 590
200 180 590
200 350 590
250  0 570
250  40 585
250  80 600
250  140 590
250  180 570
250 220 590
250 260 600
250 320 590
250 340 580
290 0 510
290 20 530
290 60 600
290 140 590
290 160 540 
290 160 510
290 200 530
290 225 590
290 260 600
290 320 590
290 340 550